0 0.49296875 0.36041666666666666 0.5421875 0.1
0 0.3921875 0.48854166666666665 0.584375 0.09375
0 0.8078125 0.4895833333333333 0.15625 0.0875
0 0.2390625 0.6145833333333334 0.115625 0.08333333333333333
0 0.35468750000000004 0.6166666666666667 0.05 0.08333333333333333
0 0.51953125 0.6177083333333333 0.2078125 0.08541666666666667
0 0.7367187500000001 0.625 0.15781250000000002 0.09583333333333333
0 0.36953125000000003 0.7395833333333334 0.26406250000000003 0.0875
0 0.65234375 0.740625 0.19843750000000002 0.08958333333333333
0 0.14453125 0.8354166666666667 0.09531250000000001 0.05416666666666667
0 0.28125 0.8385416666666666 0.11875000000000001 0.052083333333333336
0 0.42812500000000003 0.8395833333333333 0.125 0.05416666666666667
0 0.6359375 0.8385416666666666 0.23125 0.05625
0 0.8304687500000001 0.8354166666666667 0.09843750000000001 0.05416666666666667
