0 0.12602880658436216 0.6400462962962963 0.102880658436214 0.08410493827160494
0 0.2820216049382716 0.6348379629629629 0.1638374485596708 0.08834876543209876
0 0.45087448559670784 0.6458333333333333 0.13065843621399179 0.06172839506172839
0 0.6581790123456791 0.6400462962962963 0.24074074074074076 0.10956790123456789
0 0.8986625514403292 0.6228780864197531 0.2021604938271605 0.08989197530864197
0 0.1297582304526749 0.7471064814814814 0.11548353909465021 0.09143518518518517
0 0.2620884773662552 0.7436342592592592 0.10545267489711935 0.08912037037037036
0 0.504758230452675 0.7567515432098765 0.33770576131687247 0.10841049382716049
0 0.7483281893004116 0.7606095679012346 0.11342592592592593 0.08912037037037036
0 0.9113940329218108 0.7291666666666666 0.16795267489711935 0.08950617283950617
