0 0.5453960905349795 0.20968364197530864 0.12217078189300412 0.08063271604938271
0 0.42836934156378603 0.2826003086419753 0.0763888888888889 0.02662037037037037
0 0.5173611111111112 0.28800154320987653 0.08924897119341564 0.02353395061728395
0 0.5825617283950618 0.2943672839506173 0.03034979423868313 0.023148148148148147
0 0.442772633744856 0.5393518518518519 0.028034979423868314 0.027777777777777776
0 0.4970421810699589 0.5412808641975309 0.05787037037037038 0.02854938271604938
0 0.5706018518518519 0.5430169753086419 0.07278806584362141 0.02970679012345679
0 0.37680041152263377 0.6356095679012346 0.08333333333333334 0.01890432098765432
0 0.45498971193415644 0.6390817901234568 0.06018518518518519 0.022762345679012343
0 0.5036008230452675 0.6371527777777778 0.02417695473251029 0.017361111111111112
0 0.5381944444444445 0.6373456790123456 0.030092592592592594 0.017746913580246913
0 0.5833333333333334 0.6404320987654321 0.04578189300411523 0.022376543209876542
