0 0.434375 0.16458333333333333 0.125 0.041666666666666664
0 0.60546875 0.1625 0.16718750000000002 0.04583333333333333
0 0.1765625 0.3302083333333333 0.2 0.04791666666666666
0 0.39765625000000004 0.3260416666666667 0.0859375 0.04791666666666666
0 0.7289062500000001 0.4791666666666667 0.18906250000000002 0.05
0 0.7921875 0.5510416666666667 0.3125 0.052083333333333336
0 0.1625 0.484375 0.19687500000000002 0.06041666666666667
0 0.09453125000000001 0.5510416666666667 0.0703125 0.04791666666666666
0 0.2859375 0.5520833333333334 0.253125 0.05
0 0.15625 0.7270833333333333 0.22812500000000002 0.05416666666666667
0 0.3140625 0.328125 0.034375 0.04791666666666666
0 0.17109375000000002 0.228125 0.08281250000000001 0.022916666666666665
0 0.265625 0.22708333333333333 0.07187500000000001 0.025
0 0.19921875 0.265625 0.1421875 0.027083333333333334
0 0.1484375 0.8302083333333333 0.20625000000000002 0.07291666666666667
0 0.13203125000000002 0.6416666666666666 0.15781250000000002 0.07083333333333333
0 0.71875 0.6416666666666666 0.1625 0.07083333333333333
