0 0.0753125 0.043750000000000004 0.054375 0.07250000000000001
0 0.1296875 0.04875 0.020625 0.05416666666666667
0 0.18156250000000002 0.04125 0.054375 0.07083333333333333
0 0.540625 0.034583333333333334 0.035 0.06916666666666667
0 0.425 0.4066666666666667 0.63 0.14833333333333334
0 0.30843750000000003 0.5829166666666667 0.381875 0.1391666666666667
0 0.6815625 0.5795833333333333 0.26937500000000003 0.14250000000000002
0 0.19625 0.7666666666666667 0.1375 0.10666666666666667
0 0.3471875 0.77875 0.095625 0.08083333333333334
0 0.45 0.77875 0.04125 0.08083333333333334
0 0.5721875 0.7645833333333334 0.131875 0.10916666666666668
