0 0.546337817638266 0.601923076923077 0.17787742899850523 0.057692307692307696
0 0.2795216741405082 0.6778846153846154 0.05680119581464873 0.04423076923076923
0 0.3587443946188341 0.6826923076923077 0.08071748878923767 0.046153846153846156
0 0.43647234678624813 0.6865384615384615 0.053811659192825115 0.04230769230769231
0 0.6621823617339313 0.6942307692307693 0.10762331838565023 0.04230769230769231
0 0.3071748878923767 0.7451923076923077 0.07623318385650224 0.04423076923076923
0 0.45739910313901344 0.75 0.07473841554559044 0.04230769230769231
0 0.5650224215246636 0.7538461538461538 0.11061285500747385 0.04230769230769231
0 0.6666666666666667 0.7605769230769232 0.07174887892376682 0.04807692307692308
0 0.38266068759342303 0.7480769230769231 0.053811659192825115 0.04230769230769231
0 0.5366218236173393 0.6903846153846154 0.12556053811659193 0.046153846153846156
