0 0.574375 0.30833333333333335 0.06 0.028333333333333335
0 0.6553125 0.3095833333333334 0.079375 0.0275
0 0.4146875 0.4341666666666667 0.074375 0.028333333333333335
0 0.39687500000000003 0.4966666666666667 0.04 0.016666666666666666
0 0.393125 0.5370833333333334 0.0375 0.0175
0 0.4034375 0.5770833333333334 0.058125 0.0175
0 0.455625 0.5800000000000001 0.0325 0.016666666666666666
0 0.499375 0.5820833333333334 0.0425 0.0175
0 0.614375 0.21333333333333335 0.20375000000000001 0.09000000000000001
0 0.5053125 0.3125 0.056875 0.030000000000000002
