0 0.509375 0.31083333333333335 0.28 0.11
0 0.75625 0.30000000000000004 0.155 0.08166666666666667
0 0.41781250000000003 0.4266666666666667 0.274375 0.08333333333333334
0 0.6559375000000001 0.42708333333333337 0.150625 0.0825
0 0.35781250000000003 0.535 0.091875 0.035
0 0.445625 0.53125 0.06375 0.025833333333333337
0 0.5 0.53125 0.02375 0.025833333333333337
0 0.7871875 0.5316666666666667 0.043125000000000004 0.025
0 0.8525 0.5320833333333334 0.06625 0.02416666666666667
0 0.8284375 0.43833333333333335 0.134375 0.09666666666666668
0 0.91 0.41375 0.02 0.014166666666666668
0 0.5528125 0.535 0.064375 0.03166666666666667
0 0.63 0.5345833333333334 0.0675 0.030833333333333334
0 0.7146875 0.5345833333333334 0.080625 0.030833333333333334
