0 0.2469135802469136 0.2918595679012346 0.11419753086419754 0.03047839506172839
0 0.3212448559670782 0.28896604938271603 0.01954732510288066 0.02854938271604938
0 0.37101337448559674 0.2866512345679012 0.06507201646090535 0.030864197530864196
0 0.27289094650205764 0.35570987654320985 0.1630658436213992 0.04089506172839506
0 0.3851594650205762 0.3462577160493827 0.04861111111111111 0.02970679012345679
0 0.42476851851851855 0.3449074074074074 0.015689300411522635 0.02854938271604938
0 0.449974279835391 0.3454861111111111 0.020833333333333336 0.025848765432098762
0 0.4918981481481482 0.3412422839506173 0.048096707818930044 0.03047839506172839
0 0.212962962962963 0.41454475308641975 0.04166666666666667 0.02816358024691358
0 0.29655349794238683 0.4151234567901234 0.11111111111111112 0.040123456790123455
0 0.6287294238683128 0.5609567901234568 0.24562757201646093 0.06635802469135801
0 0.6234567901234569 0.6317515432098765 0.235082304526749 0.06983024691358024
0 0.5192901234567902 0.7060185185185185 0.01903292181069959 0.027777777777777776
0 0.5947788065843622 0.6984953703703703 0.11548353909465021 0.03819444444444444
0 0.5465534979423868 0.7472993827160493 0.0720164609053498 0.03317901234567901
0 0.6385030864197532 0.7386188271604938 0.09542181069958848 0.03587962962962963
