0 0.24609375 0.2708333333333333 0.2390625 0.17083333333333334
0 0.63671875 0.2864583333333333 0.40468750000000003 0.18125
0 0.49062500000000003 0.59375 0.696875 0.22083333333333333
0 0.29453125 0.41562499999999997 0.0390625 0.03125
0 0.38984375000000004 0.42083333333333334 0.11093750000000001 0.03333333333333333
0 0.47578125000000004 0.4239583333333333 0.026562500000000003 0.03125
0 0.60703125 0.428125 0.1796875 0.035416666666666666
0 0.34375 0.7385416666666667 0.109375 0.022916666666666665
0 0.46015625000000004 0.7458333333333333 0.0890625 0.020833333333333332
0 0.5476562500000001 0.7489583333333333 0.051562500000000004 0.01875
0 0.6375000000000001 0.7541666666666667 0.1 0.020833333333333332
