0 0.19251543209876545 0.625 0.07896090534979425 0.05941358024691358
0 0.3591820987654321 0.6385030864197531 0.21116255144032925 0.08179012345679013
0 0.5402520576131687 0.6421682098765432 0.1242283950617284 0.0798611111111111
0 0.7165637860082306 0.6450617283950617 0.19444444444444445 0.0794753086419753
0 0.15805041152263377 0.796875 0.10879629629629631 0.10686728395061727
0 0.3148148148148148 0.796875 0.1440329218106996 0.10300925925925926
0 0.582690329218107 0.7972608024691358 0.16795267489711935 0.10300925925925926
0 0.891332304526749 0.7945601851851851 0.17463991769547327 0.10378086419753085
0 0.7980967078189302 0.943094135802469 0.01800411522633745 0.07445987654320987
0 0.4709362139917696 0.9494598765432098 0.01440329218106996 0.0779320987654321
0 0.51440329218107 0.9729938271604938 0.01851851851851852 0.032407407407407406
0 0.5825617283950618 0.9728009259259258 0.05864197530864198 0.04128086419753086
0 0.11458333333333334 0.9565972222222222 0.013117283950617285 0.08140432098765432
0 0.15817901234567902 0.9820601851851851 0.01954732510288066 0.0320216049382716
0 0.8378343621399178 0.9654706790123456 0.014146090534979425 0.02970679012345679
