0 0.47375 0.33208333333333334 0.17875 0.03916666666666667
0 0.4325 0.38083333333333336 0.09375 0.03666666666666667
0 0.5021875 0.3791666666666667 0.021875000000000002 0.035
0 0.453125 0.42833333333333334 0.13625 0.03833333333333334
0 0.4734375 0.4791666666666667 0.173125 0.04833333333333334
0 0.3884375 0.5337500000000001 0.021875000000000002 0.009166666666666667
0 0.411875 0.5333333333333333 0.01625 0.008333333333333333
0 0.44375000000000003 0.5329166666666667 0.0275 0.009166666666666667
0 0.479375 0.5320833333333334 0.0375 0.009166666666666667
0 0.5153125000000001 0.5316666666666667 0.018125 0.011666666666666667
0 0.54 0.5308333333333334 0.02375 0.008333333333333333
0 0.5728125000000001 0.52875 0.023125 0.009166666666666667
0 0.6053125 0.5275000000000001 0.034375 0.01
