0 0.344375 0.3425 0.26875 0.07333333333333333
0 0.5396875 0.3429166666666667 0.083125 0.07250000000000001
0 0.726875 0.3441666666666667 0.26 0.07500000000000001
0 0.224375 0.3983333333333334 0.0275 0.018333333333333333
0 0.25125000000000003 0.3979166666666667 0.01125 0.015833333333333335
0 0.4625 0.4 0.01875 0.013333333333333334
0 0.494375 0.3975 0.03125 0.02
0 0.526875 0.3975 0.02125 0.018333333333333333
0 0.5650000000000001 0.3979166666666667 0.0425 0.0175
0 0.6146875 0.39916666666666667 0.046875 0.015000000000000001
0 0.8878125 0.8620833333333334 0.064375 0.020833333333333336
0 0.921875 0.8491666666666667 0.0075 0.005
