0 0.21015625000000002 0.14895833333333333 0.1015625 0.08125
0 0.5515625000000001 0.14583333333333334 0.51875 0.0875
0 0.32578125 0.2833333333333333 0.19843750000000002 0.1
0 0.52734375 0.26979166666666665 0.1453125 0.08125
0 0.696875 0.2677083333333333 0.14375000000000002 0.08125
0 0.46015625000000004 0.3927083333333333 0.18906250000000002 0.08541666666666667
0 0.31796875 0.5635416666666666 0.2484375 0.08125
0 0.50390625 0.5635416666666666 0.0734375 0.07708333333333334
0 0.66171875 0.5614583333333333 0.18906250000000002 0.08125
0 0.24140625000000002 0.6958333333333333 0.2703125 0.09583333333333333
0 0.44062500000000004 0.6822916666666666 0.0625 0.07708333333333334
0 0.6828125 0.6895833333333333 0.36250000000000004 0.1
0 0.20859375000000002 0.9 0.18281250000000002 0.05
0 0.48281250000000003 0.9052083333333333 0.325 0.06458333333333333
0 0.7562500000000001 0.8937499999999999 0.1875 0.05416666666666667
