0 0.6973958333333333 0.075390625 0.08229166666666667 0.017968750000000002
0 0.7895833333333333 0.07500000000000001 0.08541666666666667 0.015625
0 0.8885416666666667 0.0765625 0.09375 0.015625
0 0.2604166666666667 0.468359375 0.3104166666666667 0.055468750000000004
0 0.30364583333333334 0.558984375 0.384375 0.05390625
0 0.7234375 0.562109375 0.37604166666666666 0.05234375
0 0.15677083333333333 0.644140625 0.07604166666666666 0.047656250000000004
0 0.32760416666666664 0.645703125 0.20520833333333333 0.049218750000000006
0 0.6817708333333333 0.6484375 0.43645833333333334 0.05
0 0.21927083333333333 0.730078125 0.184375 0.047656250000000004
