0 0.354296875 0.3078125 0.23984375000000002 0.09895833333333333
0 0.515234375 0.340625 0.04453125 0.041666666666666664
0 0.6199218750000001 0.35833333333333334 0.11953125 0.06458333333333333
0 0.73359375 0.3833333333333333 0.0328125 0.04791666666666666
0 0.31796875 0.3640625 0.178125 0.08854166666666667
0 0.45390625 0.3859375 0.046875 0.051041666666666666
0 0.347265625 0.4296875 0.23984375000000002 0.08854166666666667
0 0.5375 0.4635416666666667 0.1015625 0.0625
0 0.7445312500000001 0.5010416666666666 0.0140625 0.04375
0 0.48671875000000003 0.5786458333333333 0.2390625 0.10104166666666667
0 0.421484375 0.6703125 0.12421875 0.059375
0 0.54453125 0.6463541666666667 0.028125 0.059375
