0 0.556875 0.22375 0.3225 0.01916666666666667
0 0.56625 0.22 0.31 0.058333333333333334
0 0.5715625 0.28583333333333333 0.251875 0.05166666666666667
0 0.483125 0.31875000000000003 0.02625 0.02416666666666667
0 0.576875 0.33708333333333335 0.1625 0.060833333333333336
0 0.7384375 0.8025000000000001 0.031875 0.008333333333333333
0 0.7221875 0.8166666666666668 0.065625 0.01
0 0.686875 0.8400000000000001 0.04 0.008333333333333333
0 0.73375 0.8395833333333333 0.0425 0.009166666666666667
0 0.7121875 0.8604166666666667 0.088125 0.010833333333333334
0 0.4271875 0.8441666666666667 0.038125 0.01
