0 0.06171875 0.403125 0.0890625 0.06041666666666667
0 0.03515625 0.47291666666666665 0.029687500000000002 0.029166666666666667
0 0.028125 0.559375 0.034375 0.03125
0 0.051562500000000004 0.6260416666666666 0.084375 0.03125
0 0.37421875000000004 0.453125 0.21406250000000002 0.11875
0 0.5859375 0.465625 0.17500000000000002 0.10625
0 0.41640625000000003 0.5697916666666667 0.09531250000000001 0.04375
0 0.48203125 0.5666666666666667 0.010937500000000001 0.041666666666666664
0 0.55390625 0.5666666666666667 0.11093750000000001 0.0375
0 0.45 0.640625 0.125 0.052083333333333336
0 0.5625 0.6333333333333333 0.0625 0.0375
