0 0.4104938271604939 0.2218364197530864 0.05195473251028807 0.022376543209876542
0 0.39248971193415644 0.2521219135802469 0.01080246913580247 0.022762345679012343
0 0.4215534979423869 0.2552083333333333 0.03034979423868313 0.024305555555555552
0 0.41409465020576136 0.29166666666666663 0.0787037037037037 0.02700617283950617
0 0.39596193415637865 0.32426697530864196 0.029063786008230456 0.027391975308641972
0 0.4337705761316873 0.32503858024691357 0.030606995884773665 0.024305555555555552
0 0.41756687242798357 0.36342592592592593 0.07896090534979425 0.026234567901234566
0 0.4183384773662552 0.3923611111111111 0.09593621399176956 0.03009259259259259
0 0.40033436213991774 0.42418981481481477 0.010545267489711935 0.02353395061728395
0 0.42888374485596714 0.4268904320987654 0.030092592592592594 0.024305555555555552
