0 0.46914062500000003 0.45 0.08203125 0.022916666666666665
0 0.52578125 0.44947916666666665 0.015625 0.017708333333333333
0 0.5652343750000001 0.4505208333333333 0.04453125 0.017708333333333333
0 0.60859375 0.45208333333333334 0.003125 0.016666666666666666
0 0.4578125 0.4765625 0.059375000000000004 0.021875
0 0.504296875 0.47604166666666664 0.014843750000000001 0.016666666666666666
0 0.46796875000000004 0.5005208333333333 0.07968750000000001 0.017708333333333333
0 0.533203125 0.5010416666666666 0.03515625 0.016666666666666666
0 0.6140625000000001 0.503125 0.015625 0.01875
0 0.516015625 0.5473958333333333 0.08046875 0.019791666666666666
0 0.49765625 0.5755208333333334 0.045312500000000006 0.015625
0 0.540234375 0.575 0.00703125 0.01875
0 0.516015625 0.7588541666666666 0.013281250000000001 0.026041666666666668
