0 0.1566358024691358 0.35281635802469136 0.15997942386831276 0.04359567901234568
0 0.16023662551440332 0.43981481481481477 0.1718106995884774 0.043209876543209874
0 0.15252057613168726 0.5281635802469136 0.16152263374485598 0.043209876543209874
0 0.15817901234567902 0.6176697530864197 0.17746913580246915 0.042438271604938266
0 0.13323045267489714 0.7081404320987654 0.13323045267489714 0.04128086419753086
0 0.24794238683127573 0.9004629629629629 0.03189300411522634 0.02546296296296296
0 0.2465277777777778 0.9454089506172839 0.021347736625514407 0.0466820987654321
0 0.11496913580246915 0.9425154320987654 0.01748971193415638 0.045524691358024685
0 0.376414609053498 0.9486882716049382 0.021347736625514407 0.047839506172839504
0 0.37525720164609055 0.9033564814814814 0.02777777777777778 0.02507716049382716
0 0.5814043209876544 0.3611111111111111 0.1396604938271605 0.039351851851851846
0 0.5255915637860082 0.533179012345679 0.025462962962962965 0.03780864197530864
0 0.5271347736625515 0.7102623456790123 0.025462962962962965 0.038580246913580245
0 0.52880658436214 0.8912037037037036 0.02623456790123457 0.039351851851851846
