0 0.339453125 0.78125 0.017968750000000002 0.016666666666666666
0 0.380859375 0.7833333333333333 0.039843750000000004 0.01875
0 0.46171875 0.784375 0.09375 0.01875
0 0.532421875 0.7848958333333333 0.022656250000000003 0.017708333333333333
0 0.5984375000000001 0.7854166666666667 0.08281250000000001 0.01875
0 0.675390625 0.7848958333333333 0.04609375 0.019791666666666666
0 0.763671875 0.7864583333333334 0.10234375000000001 0.025
0 0.343359375 0.8125 0.11953125 0.022916666666666665
0 0.44179687500000003 0.8151041666666666 0.04453125 0.021875
0 0.51171875 0.8161458333333333 0.0625 0.021875
0 0.598046875 0.8156249999999999 0.08046875 0.020833333333333332
0 0.68125 0.8151041666666666 0.060937500000000006 0.021875
0 0.7937500000000001 0.8130208333333333 0.13593750000000002 0.02395833333333333
