0 0.41640625000000003 0.434375 0.20468750000000002 0.09375
0 0.38984375000000004 0.5822916666666667 0.0140625 0.01875
0 0.4140625 0.58125 0.025 0.020833333333333332
0 0.44296875 0.5864583333333333 0.0203125 0.014583333333333334
0 0.46953125 0.5885416666666666 0.0234375 0.022916666666666665
0 0.49921875000000004 0.5864583333333333 0.0234375 0.01875
0 0.5328125 0.5895833333333333 0.03125 0.016666666666666666
0 0.571875 0.5916666666666667 0.025 0.016666666666666666
0 0.625 0.596875 0.07187500000000001 0.022916666666666665
0 0.71640625 0.4552083333333333 0.09531250000000001 0.12291666666666666
