0 0.5173611111111112 0.32619598765432095 0.3392489711934157 0.10763888888888888
0 0.23842592592592596 0.4523533950617284 0.1970164609053498 0.10378086419753085
0 0.61059670781893 0.4558256172839506 0.4300411522633745 0.10378086419753085
0 0.17849794238683128 0.8356481481481481 0.02674897119341564 0.047839506172839504
0 0.2651748971193416 0.8306327160493827 0.0941358024691358 0.04089506172839506
0 0.43788580246913583 0.8333333333333333 0.20241769547325106 0.04089506172839506
0 0.1729681069958848 0.8879243827160493 0.029063786008230456 0.0474537037037037
0 0.29269547325102885 0.8836805555555555 0.15534979423868314 0.03896604938271605
0 0.42746913580246915 0.8854166666666666 0.06584362139917696 0.038580246913580245
0 0.5509259259259259 0.8861882716049382 0.13117283950617284 0.038580246913580245
0 0.7084619341563787 0.8869598765432098 0.13760288065843623 0.042438271604938266
0 0.1716820987654321 0.9400077160493827 0.029063786008230456 0.04822530864197531
0 0.35673868312757206 0.9355709876543209 0.28858024691358025 0.041666666666666664
0 0.5277777777777778 0.9421296296296295 0.00411522633744856 0.026234567901234566
0 0.7120627572016461 0.9405864197530863 0.3166152263374486 0.044753086419753084
