0 0.06458333333333333 0.9734375000000001 0.058333333333333334 0.018750000000000003
0 0.14479166666666665 0.971875 0.08125 0.021875000000000002
0 0.3333333333333333 0.48281250000000003 0.175 0.046875
0 0.5041666666666667 0.46953125 0.13333333333333333 0.0484375
0 0.321875 0.5515625000000001 0.12708333333333333 0.043750000000000004
0 0.48020833333333335 0.540625 0.14791666666666667 0.053125000000000006
0 0.259375 0.63046875 0.027083333333333334 0.029687500000000002
0 0.396875 0.61875 0.21041666666666667 0.05
0 0.546875 0.61328125 0.04375 0.045312500000000006
0 0.40520833333333334 0.690625 0.2604166666666667 0.053125000000000006
