0 0.3436213991769548 0.09760802469135801 0.2078189300411523 0.05092592592592592
0 0.5141460905349795 0.09182098765432098 0.10339506172839508 0.042438271604938266
0 0.3982767489711935 0.265625 0.24922839506172842 0.07523148148148148
0 0.6329732510288066 0.2702546296296296 0.16203703703703706 0.08217592592592592
0 0.27919238683127573 0.3913966049382716 0.07021604938271606 0.0775462962962963
0 0.4007201646090535 0.38946759259259256 0.11779835390946503 0.07523148148148148
0 0.5991512345679013 0.3881172839506173 0.21939300411522636 0.07484567901234568
0 0.6669238683127573 0.49556327160493824 0.10442386831275721 0.03433641975308642
0 0.6989454732510288 0.5501543209876543 0.16640946502057616 0.04089506172839506
0 0.6291152263374487 0.5968364197530864 0.02932098765432099 0.033950617283950615
0 0.6979166666666667 0.5952932098765432 0.08976337448559671 0.033950617283950615
0 0.6673096707818931 0.6504629629629629 0.10005144032921812 0.041666666666666664
0 0.7457561728395062 0.6419753086419753 0.043467078189300415 0.033950617283950615
0 0.2725051440329218 0.8150077160493827 0.045010288065843625 0.04050925925925926
0 0.3425925925925926 0.8134645061728395 0.07304526748971193 0.04128086419753086
0 0.7734053497942387 0.7797067901234568 0.02623456790123457 0.039351851851851846
