0 0.233203125 0.13020833333333334 0.25078125 0.052083333333333336
0 0.30976562500000004 0.3458333333333333 0.40078125000000003 0.05
0 0.234375 0.5541666666666667 0.2390625 0.04583333333333333
0 0.271484375 0.7536458333333333 0.30234375 0.042708333333333334
0 0.657421875 0.14166666666666666 0.049218750000000006 0.04791666666666666
0 0.651953125 0.3489583333333333 0.047656250000000004 0.04791666666666666
0 0.648046875 0.5526041666666667 0.049218750000000006 0.046875
0 0.6414062500000001 0.746875 0.046875 0.04375
0 0.8167968750000001 0.15208333333333332 0.10390625 0.1
0 0.8125 0.359375 0.10312500000000001 0.09375
0 0.8 0.5734375 0.1015625 0.090625
0 0.790625 0.7666666666666666 0.1 0.08541666666666667
