0 0.30684156378600824 0.22974537037037035 0.4197530864197531 0.22723765432098764
0 0.31352880658436216 0.40451388888888884 0.12242798353909466 0.15393518518518517
0 0.7647890946502058 0.12017746913580246 0.006430041152263375 0.01273148148148148
0 0.18492798353909468 0.5248842592592592 0.03703703703703704 0.03510802469135802
0 0.2662037037037037 0.5459104938271605 0.09053497942386832 0.03780864197530864
0 0.3795010288065844 0.5470679012345678 0.09336419753086421 0.037037037037037035
0 0.7671039094650206 0.0318287037037037 0.029063786008230456 0.0636574074074074
0 0.8550668724279836 0.03626543209876543 0.028549382716049385 0.07253086419753085
0 0.7101337448559671 0.13831018518518517 0.09465020576131689 0.04513888888888889
0 0.8625257201646092 0.15316358024691357 0.18235596707818932 0.048611111111111105
0 0.7346965020576133 0.1880787037037037 0.03780864197530864 0.03510802469135802
0 0.8269032921810701 0.19656635802469136 0.1301440329218107 0.04282407407407407
