0 0.4375 0.225 0.11406250000000001 0.03958333333333333
0 0.5750000000000001 0.22395833333333334 0.10312500000000001 0.03958333333333333
0 0.40234375 0.51875 0.037500000000000006 0.029166666666666667
0 0.531640625 0.5161458333333333 0.19453125000000002 0.03229166666666666
0 0.44609375 0.5692708333333333 0.07500000000000001 0.036458333333333336
0 0.523046875 0.5635416666666666 0.05390625 0.029166666666666667
0 0.5875 0.5625 0.0546875 0.03125
0 0.49726562500000004 0.6104166666666666 0.07109375 0.03125
0 0.44296875 0.6765625 0.09531250000000001 0.030208333333333334
0 0.51484375 0.6760416666666667 0.028125 0.029166666666666667
0 0.575390625 0.6744791666666666 0.07265625 0.030208333333333334
0 0.41250000000000003 0.7296875 0.10625000000000001 0.03854166666666667
0 0.490234375 0.7223958333333333 0.02421875 0.030208333333333334
0 0.583984375 0.7255208333333333 0.13984375000000002 0.03854166666666667
0 0.39882812500000003 0.8114583333333333 0.07265625 0.020833333333333332
0 0.50703125 0.8125 0.1265625 0.025
0 0.61484375 0.8078124999999999 0.0734375 0.019791666666666666
