0 0.17109375000000002 0.41770833333333335 0.1171875 0.03125
0 0.31328125 0.41875 0.1484375 0.03333333333333333
0 0.20546875 0.5979166666666667 0.11093750000000001 0.07916666666666666
0 0.3515625 0.6208333333333333 0.1375 0.07916666666666666
0 0.55234375 0.603125 0.2109375 0.08125
0 0.8132812500000001 0.6239583333333333 0.2734375 0.08125
0 0.31328125 0.7802083333333333 0.27968750000000003 0.09375
0 0.6531250000000001 0.7822916666666666 0.35625 0.08958333333333333
0 0.25 0.9177083333333333 0.125 0.06875
0 0.42890625000000004 0.93125 0.1953125 0.07916666666666666
