0 0.49453125000000003 0.11145833333333333 0.3203125 0.07291666666666667
0 0.34140625 0.24895833333333334 0.3203125 0.07291666666666667
0 0.55234375 0.25 0.0546875 0.04583333333333333
0 0.7046875 0.25104166666666666 0.203125 0.07291666666666667
0 0.146875 0.35 0.23125 0.058333333333333334
0 0.3140625 0.35625 0.0625 0.04583333333333333
0 0.384375 0.3572916666666667 0.03125 0.04375
0 0.5085937500000001 0.3489583333333333 0.17343750000000002 0.06041666666666667
0 0.6664062500000001 0.35 0.0921875 0.058333333333333334
0 0.7796875000000001 0.3572916666666667 0.09375 0.04375
0 0.90234375 0.3520833333333333 0.1046875 0.058333333333333334
0 0.21328125 0.45729166666666665 0.0484375 0.05625
0 0.27421875 0.4635416666666667 0.029687500000000002 0.04375
0 0.40859375000000003 0.45625 0.19843750000000002 0.058333333333333334
0 0.6648437500000001 0.45625 0.26406250000000003 0.058333333333333334
0 0.2265625 0.5614583333333333 0.078125 0.03125
0 0.328125 0.5614583333333333 0.1 0.03125
0 0.41484375 0.5625 0.0484375 0.029166666666666667
0 0.4625 0.5625 0.025 0.029166666666666667
0 0.5078125 0.5625 0.040625 0.029166666666666667
0 0.60546875 0.5625 0.1296875 0.029166666666666667
0 0.70234375 0.5614583333333333 0.0421875 0.03125
0 0.7664062500000001 0.5614583333333333 0.06406250000000001 0.03125
0 0.37578125 0.8395833333333333 0.0921875 0.0375
0 0.48359375000000004 0.84375 0.11093750000000001 0.04583333333333333
0 0.6015625 0.8395833333333333 0.109375 0.0375
0 0.4296875 0.9 0.115625 0.041666666666666664
0 0.5578125 0.8947916666666667 0.115625 0.03125
