0 0.5832047325102881 0.23977623456790123 0.09079218106995886 0.057484567901234566
0 0.4993569958847737 0.30343364197530864 0.052726337448559674 0.01427469135802469
0 0.5634002057613169 0.2999614197530864 0.0661008230452675 0.015817901234567902
0 0.6126543209876544 0.296875 0.02366255144032922 0.016589506172839504
0 0.5131172839506173 0.4836033950617284 0.02006172839506173 0.019675925925925923
0 0.5523405349794239 0.48186728395061723 0.041923868312757205 0.020833333333333332
0 0.6077674897119342 0.48051697530864196 0.05555555555555556 0.021219135802469133
0 0.46977880658436216 0.5516975308641975 0.05581275720164609 0.012345679012345678
0 0.5583847736625515 0.55054012345679 0.01748971193415638 0.012345679012345678
0 0.584104938271605 0.55054012345679 0.02211934156378601 0.011574074074074073
0 0.6185699588477367 0.5513117283950617 0.03549382716049383 0.015432098765432098
0 0.4058641975308642 0.5534336419753086 0.01131687242798354 0.006558641975308642
0 0.5236625514403292 0.552662037037037 0.04218106995884774 0.015817901234567902
