0 0.19140625 0.33229166666666665 0.33906250000000004 0.12708333333333333
0 0.5875 0.3375 0.36875 0.1125
0 0.890625 0.34375 0.19062500000000002 0.0875
0 0.07578125000000001 0.45208333333333334 0.0734375 0.05
0 0.17109375000000002 0.4583333333333333 0.0859375 0.03333333333333333
0 0.30000000000000004 0.45 0.140625 0.05
0 0.42421875000000003 0.45416666666666666 0.0765625 0.03333333333333333
0 0.5625 0.4458333333333333 0.16875 0.05
0 0.6828125 0.4510416666666667 0.08750000000000001 0.06458333333333333
0 0.775 0.45 0.084375 0.03333333333333333
0 0.88984375 0.4395833333333333 0.1171875 0.05
