0 0.43515625 0.6260416666666666 0.11093750000000001 0.052083333333333336
0 0.6046875 0.628125 0.19375 0.05625
0 0.7375 0.640625 0.028125 0.022916666666666665
0 0.79609375 0.6385416666666667 0.060937500000000006 0.035416666666666666
0 0.878125 0.6479166666666667 0.07500000000000001 0.05
0 0.48671875000000003 0.34479166666666666 0.0484375 0.03125
0 0.48750000000000004 0.3833333333333333 0.065625 0.03333333333333333
0 0.48750000000000004 0.4114583333333333 0.009375000000000001 0.00625
0 0.47421875 0.43124999999999997 0.0203125 0.0125
0 0.5 0.43333333333333335 0.021875000000000002 0.016666666666666666
